1 7004.141622059545 1068.221819840629 1340
2 4258.458379909055 1822.4739914020704 3642 4344 3055 1317 3453
3 7763.398715902984 3405.046149013868 3808
4 1423.993161504068 741.1954409974009 756 1421 4599 3787 3775
5 3611.97245452229 8281.096361237982 705
6 5339.3124390926705 5600.40781030246 2967 14 3618 4395 653
7 4935.20087635659 5490.412378319231 3840
8 7909.795358863648 4150.401433321132 1307 1046 2309 3900 1206
9 5781.18242038884 8791.39878436426 4562
10 9680.143673676967 626.9613727850798 2625 3645 92 42 1224
11 1260.794382510615 2847.9269832487953 491
12 3337.7864014911197 8896.043020267762 2351 240 4364 3760 1213
13 526.0596087279268 7861.582508252858 2938
14 8347.698824006775 6290.845804620153 1652 4583 275 3544 2867
15 1873.2181919756263 2071.120240827161 2490
16 6606.851937861461 4923.718940848387 2551 3197 3589 3074 1847
17 4041.5766577623544 1715.7923922135542 1728
18 8491.21408327383 7331.0444103284935 1776 4805 2134 2446 4485
19 8978.352915114965 3338.4062060137153 3417
20 8306.653157163273 4728.772837042851 3564 3417 1519 2479 75
21 5757.95553471394 5231.233113953013 1947
22 2547.4761213099628 7029.907045663906 1655 193 4117 3062 4389
23 3061.802479826203 3427.905258883139 1325
24 3350.2230769759312 8431.768300813952 967 1117 1578 1475 4709
25 5968.474644359118 7387.114609021542 3711
26 8702.509133385774 5905.34049147423 4475 2427 4767 1890 1947
27 5779.649772630507 4702.604460867718 3674
28 8641.122007505952 5093.567603107573 3600 4313 1241 901 3965
29 650.35829101589 7317.76322835813 4889
30 3171.0347293182604 2858.323473258908 2598 3015 3536 4795 2394
31 5667.871333869038 2333.270001346409 4822
32 7440.314401478466 5955.000070922968 3762 1945 1251 3508 2967
33 3082.321305406126 7404.652726274806 3044
34 434.0915333286044 3947.4270081374852 717 4681 2639 3123 1631
35 6716.049169835796 1468.1331948064424 4919
36 5982.088709377016 6602.68087369468 3380 4969 2976 130 1879
37 5424.331724671842 6845.011658065004 3328
38 4766.470310038253 3604.300465155539 4244 3352 4098 2938 3334
39 1315.0209537010514 3592.3237620555806 4581
40 3417.506905961538 2850.179394268739 774 974 3235 2182 3560
41 169.28145282130936 7734.351953831281 2183
42 2508.2742818220495 4364.409385135623 586 4787 1588 3977 3535
43 4796.752214207266 5599.383089377292 4599
44 6719.61623837049 6212.1184129465 4264 3235 571 913 596
45 9086.493132396596 6102.244428455345 1591
46 6854.077119892876 146.35414227252897 1627 2855 2280 3470 3298
47 1053.0747572697642 8957.110183232731 2690
48 7499.401727304435 9530.190286223347 4798 1187 4910 4577 902
49 8354.406064498273 3151.835493676235 218
50 2329.954692777709 8996.382458260194 914 3009 2225 4289 1724
51 9421.56367011299 9583.177605890061 3295
52 9966.634402881613 8773.044635732755 4448 1525 911 4534 134
53 1864.1134524301106 8502.177578614286 4484
54 750.6959487493648 2595.3784907680897 3256 2171 560 2264 273
55 2670.2107782370686 9470.439031080388 3279
56 1216.7846704403041 5596.462976277637 3212 4121 3297 3361 3565
57 9567.402918231244 8659.360569497874 114
58 2103.43006766021 6434.908863475773 1097 1213 2102 897 2387
59 1353.8489284417299 1948.0053466552406 2314
60 1614.6150153540916 1761.224849595604 2881 2511 612 46 409
61 3093.6883852430983 9501.004400327665 3668
62 2462.7560513842195 7685.223503148743 1076 1740 3553 1758 3321
63 4611.339300909516 690.3100036755161 509
64 6056.503566055602 517.5391005950613 3178 1659 2402 2622 1284
65 3576.7301994463974 6857.379616895687 2885
66 2637.51513665746 4286.6184674400065 237 3188 746 1368 899
67 6947.445424658288 8974.438753326702 3735
68 1238.2584298649224 9217.43951649365 322 1581 4235 4348 606
69 8177.929198432938 3992.8916078580523 3924
70 6278.7680458143 6194.372846196619 3346 625 4973 4242 3798
71 2996.815340195449 1605.458856976092 1942
72 7698.161487830226 1429.243725093561 1712 2472 4912 479 3498
73 8001.941429103139 587.2933892062682 3218
74 792.0694332331035 6101.890535263845 2563 3960 3799 4458 4255
75 7250.773610783932 520.6629722219824 2797
76 3597.4105220150523 6240.134726222904 4222 3832 4955 111 4804
77 7982.752193532351 9187.022772780645 1521
78 756.7210852856965 8724.863012617436 594 986 1431 4007 682
79 7453.2852266912105 1793.4126290278618 3151
80 4821.209031799281 214.7481672481655 3053 2363 1940 3088 4835
81 6799.416187786628 7942.110903382317 3977
82 5004.219582503737 2725.931797984963 1707 4321 3586 247 2026
83 1139.6863381753685 6651.611862221919 3884
84 4064.9673359546437 1513.3095377178129 3976 2208 1819 1197 2532
85 587.4168073464602 6712.729090312977 4076
86 2453.728854901417 9090.90470819971 1911 947 2312 4483 2522
87 5692.556208245516 2461.4400089157375 2110
88 5636.312181178543 6577.60368041751 2621 61 4394 1260 1390
89 8851.026319193263 1868.0928261596496 646
90 839.8857206798726 2157.2493483451617 4470 216 2749 3649 4680
91 5217.9807452217265 2821.9692705562206 2904
92 7444.080792982426 6002.325531619408 3286 1759 2312 4278 821
93 9108.250762460875 4453.802808192392 3444
94 5902.41332024094 2317.8995007067315 3294 1095 369 1825 3749
95 3899.535456136246 9373.058326688055 2497
96 7382.483262792869 6186.283121732538 1372 3605 1896 4548 3509
97 6969.929906261841 7499.674945328704 4270
98 3202.5297660325036 8807.795229003059 1485 2588 4239 4619 2524
99 8353.79578306223 4958.682189792115 2400
100 4551.424040553706 2890.833595887803 4097 2616 2329 1939 2753
101 8701.681392251756 1506.219457484076 4547
102 5453.047344808014 4607.405150030999 3858 2964 4615 2541 4576
103 2144.586975586926 2564.3235904326243 2823
104 9695.476177677827 2023.5081911231046 4058 2009 1728 3231 371
105 5986.571594682979 2866.4887724437795 4097
106 2151.5491907409823 5293.186415326906 3651 1838 3317 2411 148
107 8040.105040926694 9316.218717124466 3231
108 1052.2365434482394 1631.4833030464881 2039 1661 2076 4841 3010
109 9472.88178128387 1596.2106652275943 4671
110 1866.2685738281582 562.728120042677 2197 4010 2042 2539 4956
111 3069.374026883679 2014.2281471732927 1133
112 3068.349596903871 2719.6189995078958 102 4508 30 1769 4250
113 1133.8312356077506 7391.550649063909 4760
114 9043.30987012732 5074.704272462799 1244 4081 2044 313 4854
115 6836.5640753727175 1797.703613334546 1036
116 9281.253358847267 3518.8318500730034 130 88 2068 3570 2652
117 8679.513472521003 9871.06794549623 2396
118 8037.797110404345 6892.361460128179 1725 2744 314 3389 4954
119 7853.871794399121 3950.3353202463977 592
120 3451.838983759007 9436.531256104425 3219 4499 378 4333 3366
121 9174.44116731091 3076.996139839664 1983
122 1822.242951357731 1370.7269754081096 930 232 1486 27 4838
123 8013.12969281368 6146.2577438993285 3782
124 7206.356964856882 7031.3015223228285 412 953 4905 697 4343
125 9341.627465154628 1000.8015250295243 1506
126 7910.809530881038 7170.662640340966 1562 3764 2965 3818 1574
127 4061.8713540339877 7258.552698511055 311
128 9711.220797576601 3144.5948901268084 4637 3576 3241 3554 4423
129 7612.202949614008 3942.876406512049 3710
130 3774.685007700518 9772.332759855826 822 2169 159 2126 1738
131 506.3657512568687 5837.284454316997 1126
132 7489.20807575252 692.8983849589843 3589 3728 3421 611 1950
133 705.3752218567222 1546.9819679448572 1123
134 5900.862748892008 9431.567036458082 1336 727 2025 490 4730
135 7957.978609196661 9641.732679231473 192
136 3922.4858642869754 5459.826475040995 3486 2702 2453 2386 4944
137 6469.790329216323 4692.707353673134 3263
138 5152.16551927223 6809.57565465849 4957 2842 2394 576 1650
139 3593.3336585994402 8722.8760865551 2655
140 6582.996330375103 8219.010497871765 570 204 4517 2902 4776
141 4417.734482711377 548.1827661309802 3575
142 6136.236963723256 2367.742279912517 1508 3721 1397 1029 2110
143 1690.4755820608675 7281.56575919664 2364
144 6776.637950102964 1101.0501603934374 3545 2427 3242 555 1482
145 9864.88425286157 5693.01760816809 969
146 9811.674518693819 3965.1675119425568 4870 1218 3568 1092 3723
147 3151.844477487863 4124.462109795244 1224
148 4892.897934729772 5751.967388110218 664 2060 1977 3503 4351
149 5799.98810790785 9993.638379403197 3785
150 4731.423075854595 4128.151483162258 4795 19 3942 4102 3178
151 352.85057023695 7603.882957974893 386
152 109.86193777094866 8749.056142425534 4474 2122 4917 4600 1243
153 5508.47330818914 962.7680418102202 2934
154 6530.63271441918 6051.05781297946 1702 4577 2741 4798 3907
155 4590.817456325645 1129.5910417616806 1613
156 9876.118957197265 7103.45560061569 4829 1649 2480 573 3166
157 8196.11515096888 641.76142989812 1325
158 9433.902157454097 9644.70215533968 4621 2783 1007 3234 839
159 2651.2814751040924 2760.056409978854 3254
160 1761.0279878409874 7231.938924638186 2295 3203 1869 3896 700
161 8371.275214828518 42.125974061764104 812
162 6106.712819487863 2653.759652871803 3748 1207 4302 4281 157
163 637.2660241164208 6074.5390577197895 1484
164 1165.4641255158904 4868.265807719124 2372 4992 4390 1855 275
165 7138.562462183318 4291.717129006991 338
166 8569.902319066989 5911.626787556985 4995 397 485 1685 3196
167 7663.330258103195 5935.551813815585 4119
168 8390.397501779196 2492.1285301219164 2666 4931 3924 4142 3641
169 7192.205338507757 3438.6644121262266 4996
170 7676.6032424711975 2887.1400528652603 3337 810 2467 832 3388
171 2823.1052918757514 8034.0799701573205 4859
172 3357.5234289699274 1849.2680351855417 3659 2099 1237 4331 1132
173 8179.121212940059 2879.663772631127 2209
174 1924.5362897995844 8635.20629748169 3167 1956 4974 4999 323
175 3629.229695910274 9055.296168845489 1669
176 6963.864175226195 1799.3869638889491 3802 306 1915 276 708
177 2011.359590650188 7917.192588762351 320
178 3450.339649185802 5585.906294437265 3125 4107 1366 4466 226
179 7719.581845458393 4523.074423933489 4107
180 5115.429224120907 3383.633644928763 932 82 2379 2680 1489
181 1750.3772970014752 2374.2319851648585 3272
182 9641.907174449818 5213.9563673493685 298 685 653 4682 4756
183 2623.7307607867388 9302.65693585825 2801
184 8397.650432095585 2434.423523513729 2341 2409 2338 2673 4861
185 5523.39742197066 6725.350930148035 4980
186 5700.510015714465 1928.128112232682 3851 2331 3558 3407 3750
187 5886.159766401225 6776.9200602818755 4530
188 3977.335094285027 8679.854072966897 4050 3461 905 2719 2739
189 4136.4775076433625 9259.112130445092 4822
190 6031.996742767619 7853.632045710933 2487 1663 2335 2130 1513
191 9945.815280670347 2546.1259960843063 4794
192 1321.9706015537113 9918.737705911823 4006 2839 2905 1491 2067
193 7528.793466078865 5585.404201450351 3088
194 4225.413114181248 5134.029925349236 4212 590 352 3573 2893
195 1590.4942944703903 5717.769289917699 3999
196 7085.262015574566 4603.943526802141 3026 1045 3646 1157 3729
197 4799.347539131716 6985.626289001081 1264
198 3507.3222240312875 4347.530305587521 841 4166 243 4004 1048
199 4706.674249355892 6863.300493954069 3306
200 5094.769701377307 2019.2558813222427 711 4597 3088 1055 2071
201 3067.1999798862626 8329.143602791526 4509
202 5350.439875666383 3673.059227003406 4165 4541 3932 375 3250
203 3775.8513779917967 8596.687892683527 325
204 3827.9701433414493 3663.856095183107 184 3098 4412 2312 3231
205 1677.8619729240518 6124.398089457235 3603
206 6010.40823543723 2804.289228553636 15 3372 2159 2541 3141
207 7335.962792226201 6857.604649786551 3424
208 1752.4588548598174 3280.9620191632084 2551 4077 1595 2281 4009
209 7673.382101419203 9779.984323066346 383
210 8141.526201912893 496.8871473423686 2207 3738 2435 813 2293
211 7532.8601626055915 8722.294496399314 320
212 1548.366789983313 3105.540820179177 365 868 3028 3163 4851
213 166.65119525639648 4996.248685862132 922
214 8056.582149070954 5700.900610030508 3963 2064 3103 916 1997
215 3271.44620992455 1019.7788130895025 1490
216 4812.795183223968 5989.71047017546 4275 3001 4277 4397 3913
217 6348.8111182508965 5046.438734201141 2447
218 2642.7599452884742 6731.2203165022775 3516 3828 3644 2640 4605
219 496.8625539835869 6191.230034315319 252
220 5463.410566623649 6036.155917627434 1825 3411 1670 1029 1547
221 6278.713833722604 257.64957473760063 3428
222 3841.478814285941 1316.2747608365444 4288 2114 1886 2919 1189
223 8794.15979520513 2974.338889778798 3092
224 7428.599212744403 9995.986575969113 1763 3356 2678 2050 3264
225 204.4766271097398 1707.4452335281642 977
226 8908.591789381753 2729.71575458857 3635 3165 3497 1475 2203
227 9858.67997809287 5450.204468164617 2390
228 7835.645721275644 8757.743745359949 4293 2997 309 2482 4050
229 3896.429393182995 666.6891066191216 4898
230 1954.6299093555951 8905.638518107291 1432 2704 1104 4258 3232
231 3342.5698138097036 1351.3018632498697 2938
232 7873.4721337890005 4897.578760635928 1151 2198 1922 1901 2244
233 9942.89216276338 554.4737046621184 1621
234 7785.93562161067 5660.051864485622 2825 1281 1043 1963 539
235 3277.2321299235796 665.1717600281371 4679
236 6657.808337515281 2820.823572550114 1118 1522 2001 267 1919
237 2440.6796770148876 1791.9500235696328 2856
238 5998.0689239953645 5527.723665702574 1920 854 1090 4604 3998
239 5317.05566607713 8112.777355586538 232
240 9740.967915985972 1022.863727128861 2858 1409 4188 740 4264
241 1173.6696747766296 2420.7019864200583 4957
242 9243.904368451596 2278.561080565339 2355 417 632 635 413
243 7744.180823629537 2702.6475100425173 776
244 403.73035551682256 5954.057990888603 3006 2153 987 3019 619
245 9529.304763535722 5633.342593768161 2510
246 7181.35068952111 5977.617855798746 735 332 3651 3845 1075
247 9301.045294920825 702.2325676689322 4436
248 8819.808733970038 9469.39548002932 254 1240 399 4777 3005
249 5763.040669650833 415.3131595101134 3608
250 2122.6260097498707 1514.6896228519668 3103 1993 1846 4579 667
251 6542.8243935455985 3092.3317942083827 4950
252 8291.095543180396 9508.133070755219 3737 1408 1484 3718 2239
253 1184.9108663693241 5906.181843531733 3612
254 974.530563515481 2851.1931497230958 2912 4542 1237 642 4064
255 3065.937478260844 6185.7066516549385 1803
256 3440.2391365203734 2969.848144613274 743 3617 1227 3528 1857
257 2941.5495500648235 7348.8387146755695 3870
258 1832.7966890692792 2111.310641493628 38 669 1017 4581 4038
259 1049.914952769455 9551.396083966765 3670
260 7877.882543717561 1520.8680035665345 4860 2279 246 3005 1905
261 9506.594509045934 1840.8580217039416 2160
262 7374.616090579186 5080.2529114705485 3663 3516 2751 661 3324
263 3357.5013333198376 883.7346056057538 3164
264 6294.598757617138 9741.605163354232 166 2523 3825 1799 2108
265 9780.965691111322 5454.959454154682 2421
266 8370.620062369566 4069.980318413281 1349 1685 1056 2514 821
267 9710.782469159567 5200.004936640552 809
268 9513.202514403301 7316.190414961581 901 655 2996 72 1247
269 5125.868861599238 7173.539983356626 622
270 5445.641477366896 5818.585678070265 2917 345 3326 4447 2369
271 2099.536039056625 9669.869105136746 1733
272 7667.509643490758 6306.404994754008 2288 3412 455 623 4213
273 2755.222643594848 3343.8112439895194 1282
274 5767.222145992312 7464.7226794596745 3398 1135 1720 2353 740
275 5782.68768430319 3636.7336512455286 15
276 4812.3492337912085 2302.283491510224 1414 3893 3253 2260 2517
277 9244.232334702469 9002.967603912852 2194
278 4616.841098977819 5233.734115763507 2790 2070 3071 4107 4696
279 4137.36604185457 2514.20312231463 2257
280 7888.954803361044 9499.158807480335 2573 2041 128 2547 307
281 5496.161022435696 6808.113506105073 1962
282 9209.560523380884 350.94536035371607 3618 1558 4891 186 4762
283 3296.5574510897677 6383.310298854826 886
284 1377.4042922532703 4834.736887598196 656 4052 4154 3490 3188
285 1422.7070312561918 6610.837368066303 3891
286 5418.756711319843 6873.654672981141 1343 2075 4096 61 4266
287 7578.914606891557 4117.807545061596 1048
288 5279.2686061428885 8572.568406320283 657 149 2683 1546 1488
289 6766.577914928267 6766.706160358273 4407
290 6350.680806499502 1024.19736480165 106 4321 2609 1301 1373
291 2810.5042644537593 7103.418044890281 671
292 2029.4328228081915 4061.4035117294757 1449 1215 2661 837 3948
293 8344.281394318066 153.81861287944832 4048
294 6295.807747237219 9915.17334809728 924 1475 4418 70 4288
295 3599.2050173979005 3767.0300395176428 3021
296 9423.238754379874 2283.7657851992767 1857 1536 3118 1405 2117
297 6712.366959202506 7345.817060517968 1942
298 2867.106797520765 5470.498082936128 163 3242 846 611 1645
299 2286.913281270214 6283.707989710886 4582
300 3503.1426086561214 4523.296299964266 2467 290 14 4503 1909
301 8561.060779044265 3663.159484165138 566
302 9649.8882374424 1126.8422615410745 1498 4065 4460 3627 4624
303 567.3599369890992 8863.481706436783 3479
304 2459.3167327123256 4896.971753631877 2669 4055 572 2669 4929
305 4329.23800760285 7399.714224617403 984
306 224.0703970886193 7060.623270430758 1023 1398 1831 4107 1151
307 9411.545571609362 5936.605224792023 2791
308 4679.444155938927 9120.959300726787 4661 436 3464 740 2484
309 2181.161309574181 4200.895318358742 3238
310 8308.974178286862 3791.799763487739 991 1287 1907 1082 4700
311 9388.073903585315 8884.26288514177 1165
312 7583.810765529939 6000.003661148532 2251 469 1153 2661 4912
313 7061.217780616836 9948.770846677158 2352
314 2033.2103356841924 2295.7591015124513 1730 2275 1485 4016 3357
315 700.911532912829 9224.358490774532 3765
316 8343.208576493114 692.8734791589142 5 1524 3960 4411 3529
317 2622.381908817415 9271.611543739999 4539
318 4246.546337111597 6918.898336003002 2394 4041 1836 3805 2778
319 608.3478692593558 6827.137161483926 3640
320 6412.997649885784 3232.1646745922862 2983 1276 3877 3774 2876
321 9494.45800280421 1820.5137607868805 3183
322 8609.027583931116 2879.596280160054 3195 4123 4055 3452 3521
323 2938.496064254841 2395.845543488143 1101
324 9939.073760076979 5585.580242524581 2475 1737 1357 1607 4735
325 2325.6517540829736 2363.2249949113425 2190
326 2050.530662555805 5222.642270429957 3023 1763 1972 3681 2628
327 6137.68870555757 312.1283212218595 2391
328 2946.028357766577 106.91341899051076 1904 2688 3200 3029 3819
329 1794.392390278531 2146.4901141027203 2634
330 7455.54903327191 4867.607075109572 2535 1516 4964 870 2765
331 6750.333949248828 7376.063789335396 4854
332 8013.352044728957 3330.1619672902584 390 4846 4782 4455 2479
333 6952.9433970137925 3097.0698202078715 1407
334 1935.4546919046222 1472.9412341988534 1779 376 2650 2002 2320
335 7389.675626563627 7674.888809838314 2184
336 5508.482934102261 1695.7528258690957 2964 3875 1962 3420 1737
337 306.9164809527225 506.4659269822935 3771
338 2629.9121634564635 3959.8868125910813 1513 2914 2707 4647 2533
339 6780.241592338938 3779.0254045660145 3299
340 3656.7658972984864 3351.4205945769736 739 4759 707 934 1681
341 8628.786851523582 23.393050196420795 1805
342 8863.529996666515 7162.284530841623 4386 207 1405 763 953
343 7503.8533325991875 1895.670677674851 1491
344 6952.060973858635 4795.808721271535 4871 2866 84 4861 4873
345 188.40588901249066 8345.37042482072 72
346 1597.5612243759285 7307.038639842026 3074 927 1528 4537 3775
347 5506.641248828598 6872.784495505836 3684
348 1153.1826241247788 8916.564749377756 4306 4334 4157 4080 3114
349 2716.919173364726 9272.832048371845 4199
350 5276.641826339715 1061.0814626489996 4434 4875 1309 4821 2451
351 3422.352444627148 937.1022877068347 1132
352 4853.739039439153 4313.544115375091 2621 2510 3625 4445 463
353 6387.77305140191 5819.480230729766 3126
354 5975.719365552075 2736.3514443508707 1696 4964 3883 1461 1693
355 7441.647858759345 9357.502437275634 4798
356 1471.6844313060328 885.1615865082574 2532 3057 1798 2689 3442
357 1170.1100379539287 5258.194350987418 2399
358 4477.392955666579 5502.84308202513 3018 165 5 2483 3218
359 4855.626217891073 9382.532101521057 1393
360 2969.0864891019796 9021.40764994928 4415 898 1580 3322 485
361 8387.330133114197 4610.942000334992 3701
362 1052.8479819626457 8691.608150823318 1465 1283 1093 4724 2526
363 1516.1352467288868 8417.42844148573 459
364 3086.5122379985232 4993.434918306442 4740 1450 804 2810 2562
365 1526.7948370133954 7063.682568693504 1903
366 7990.987107861823 6952.080298692352 456 4270 4346 2705 3522
367 4986.497540856826 5547.229472693117 7
368 145.90449206522416 4763.368298568018 4693 1815 4019 4073 3414
369 1871.3033188667193 4915.255187722898 2766
370 2132.228503209126 5523.033500099561 29 3497 906 3465 174
371 5562.126159369342 6879.492929527653 4471
372 2364.690838597483 7474.1960115813845 1915 628 4688 108 3588
373 166.71013830825808 4250.264648852597 1612
374 7700.893077120208 6252.151190060354 2262 2640 4378 3679 4546
375 3364.363297790938 5932.182032449714 2972
376 4009.847485393324 5572.297653314801 2333 327 1173 2556 2122
377 9324.858685791554 5667.746194418197 3948
378 1918.387180368003 5354.9410141397 1352 4179 4299 1413 730
379 1689.841378239454 5546.68868625301 860
380 9059.979920516991 5972.563013322807 4442 137 4686 3068 4367
381 9593.041396822597 8767.830471687352 891
382 5886.157258245846 7322.062479193036 3410 1126 1099 1446 373
383 3900.697663746652 5568.935251509646 3552
384 6378.837904846224 5515.320231457304 2447 3523 4139 544 1290
385 4398.660501571052 5959.913926888381 4090
386 6751.704414803369 2708.0705123025573 2484 4052 3843 1891 2345
387 5102.772725690325 9515.002138135895 3754
388 4644.346953446108 9739.250992937526 2831 2531 2190 3520 1686
389 6384.733038663752 2846.527058786917 1200
390 2308.2484300035276 7603.359932022638 3858 731 3206 788 4499
391 8223.430024684367 2725.8888555461813 937
392 3132.6864275336684 2509.140593726831 426 208 1748 4910 723
393 5604.363196239078 8358.363223025444 2658
394 1793.8523268003225 563.757658662929 4991 1017 436 759 3617
395 7430.740850149763 710.2607037348852 1039
396 7589.713306167276 3699.815538416149 1191 210 4239 2601 3963
397 1602.24450820324 7758.2905761807815 552
398 7293.897056920749 568.0078060321614 559 356 2693 2241 4980
399 4239.1841289141885 3114.933501495666 1613
400 6402.491614380103 1238.9562229406781 2651 3675 541 423 2672
401 9857.84116752772 6188.601558431056 447
402 9852.679987303145 814.0402630801802 4934 4095 4193 3850 271
403 1136.933155096822 7779.987470907102 560
404 867.9938745117488 5666.776596279226 935 2687 4423 108 1901
405 6268.7546995776975 1073.9272132487265 3158
406 7663.684680409882 121.35940810506396 2138 1344 4913 970 1647
407 8697.166773845604 2698.9001092824883 716
408 8332.488233687513 499.5062016993335 2741 2287 1541 1228 3116
409 6714.0116888136645 4281.085461268861 1485
410 1541.532735258272 2748.98902963849 1152 3742 4246 4700 2835
411 8474.868328934703 3032.9943568103245 1993
412 1404.5072415702798 3741.818409359987 407 4904 4145 3615 4047
413 3086.32357718465 1753.1842157459455 3341
414 4644.357929816735 7850.072233134459 701 9 1572 3128 786
415 1198.4382225225897 1765.2064664756094 4223
416 8715.063221556939 9880.941421465825 595 4017 4301 733 2537
417 7623.911907877906 9132.619743134797 774
418 1275.7823221768938 9378.518066438364 4807 2989 46 900 812
419 4924.552809638023 1481.9522227697935 2599
420 6405.658972874297 9221.571006332964 1310 4091 1702 164 1703
421 3319.293286356916 695.8976204862954 4725
422 5148.242109725494 5297.683043197395 3302 2054 1306 176 213
423 876.4266975292301 7892.559999407496 822
424 5328.0275776548315 3088.233745331187 14 4828 670 2276 2533
425 3135.084010066718 5271.032166255493 371
426 3886.6866362269725 1716.835788176726 1739 3602 364 4415 1265
427 3872.8495267975973 3231.356584754459 528
428 387.1749957548998 179.4187272814296 3076 854 882 3825 1689
429 4208.2446599057075 9052.37179107164 4014
430 6658.025320333823 3012.924439051091 933 2407 741 3502 498
431 6408.138844902448 6612.150493414627 1676
432 3142.3205595506065 9593.122176897801 2600 931 2223 4031 3337
433 2304.336048303857 2047.531720614878 1922
434 9314.169562376666 5156.390499850514 2890 1024 3946 1107 4263
435 1399.3157148776115 7045.628968280518 2035
436 5342.142973396171 1549.5432978171852 3396 787 1935 31 4124
437 5181.19515705127 64.94850746326608 2866
438 5004.198061074387 9932.956297043089 2852 1642 2619 2952 4668
439 9859.341698343886 2519.375522903793 4612
440 5901.71607185204 1556.7910446968513 4114 2395 3779 2330 4157
441 2770.44785960875 6569.475142030693 4182
442 749.2597640694964 1399.1869110547982 380 4531 1002 3185 4487
443 6348.493635672625 2266.2967697120275 3915
444 9738.022369182854 5096.433770722169 405 3903 2409 797 3623
445 2269.167677694498 6819.162114576031 4307
446 2294.035201877309 4967.523163854722 1260 1778 703 2036 4417
447 6479.139335177798 8521.284852889992 1265
448 8337.80412936139 3625.2298493098124 3460 2244 229 3255 3441
449 1610.5967138799526 8996.233867988562 1128
450 25.945419293877947 6963.5210528989255 1592 3662 3163 2421 4482
451 2727.045067372541 5570.633041209781 1887
452 8131.493690356544 8087.378181260993 3557 2714 4563 1943 2788
453 9672.966219453589 664.3173540981551 1230
454 234.87507919972228 8328.980339975335 4278 1783 2080 3116 3954
455 8406.124521462829 4619.589114556637 3014
456 1230.9621630509425 2995.2477480641746 959 1061 3678 4680 1902
457 9228.543007110462 4938.463977339557 638
458 6259.454505146938 1895.983078681388 4261 2651 3290 4734 2894
459 1006.4861500221812 5724.122531761144 2264
460 3885.6432345575363 8025.813798159208 1569 3667 2421 1668 2907
461 5896.447660681922 3041.8214986599733 3688
462 1673.3487341243813 9496.69269893986 422 1738 4755 3945 3480
463 7578.280003781695 6553.953004116146 4226
464 2770.253176997648 515.5239815240675 911 2165 3323 3009 2935
465 7089.567811120399 8560.144013603804 3956
466 923.9303114563613 925.8179571218972 3811 3986 4265 4411 3478
467 5788.699892054674 1578.8237142581186 3638
468 7088.24953525546 1273.1781189301948 425 3728 2435 97 54
469 8367.584205309124 8368.52759846717 253
470 5179.212285659396 8921.756014608425 3823 4917 4028 522 4671
471 1155.4989627593516 5446.053691516066 2267
472 3830.864732844549 3497.710887692104 347 4175 3201 125 4121
473 4291.310032003661 1937.1766215345322 2946
474 4258.776789247857 6085.557091030672 3172 2544 2508 1897 1745
475 2574.939455688856 5137.629476980484 2280
476 9115.130326254151 5518.372031982551 738 2658 4933 4148 3602
477 1821.912136235546 1062.2620983760035 3956
478 1212.0827500769449 1724.8275647984312 3940 199 2979 1114 3442
479 6480.9579830931825 8180.53146343775 1149
480 3069.8947721006543 1364.6753848003857 1683 3173 955 404 790
481 8314.994086180286 5312.307105366036 2563
482 30.179273868642387 3411.2771247468877 1303 933 3313 848 4785
483 2496.2777355620724 2160.8071218660207 3949
484 5033.390164760798 512.1796544888746 1398 994 896 2422 1090
485 3085.8820517531617 6758.828733067691 4692
486 850.6030983655721 9832.478714892946 4822 1458 4562 4389 2297
487 7231.839847921132 7971.290165167837 4956
488 3033.0302743821458 1503.621344587347 1786 25 90 169 2876
489 8922.169682160004 9000.962108126294 1481
490 6949.15807648643 4218.019299846906 1336 358 4939 3650 3729
491 2113.6612623882456 4073.896936250169 458
492 1482.1458653952745 3727.0537308959515 3291 2921 257 3152 3883
493 1130.348516498747 3498.1052123789545 2867
494 2397.2809146686814 1683.0041969926613 3316 3483 1850 882 3340
495 9814.31084885647 8652.847381371867 1119
496 9494.075937610234 4897.1173906369695 3226 2783 1184 3489 1020
497 5149.560984858087 9086.336034325555 2000
498 6786.047638202751 5507.465760931246 1544 3721 3631 3471 3380
499 207.61268516623298 8134.341618351446 3915
500 1414.4765812600713 489.4870719420774 512 955 2246 5 2207
501 3809.402342486292 3385.533768780573 2116
502 6400.561533248494 8248.405235551252 1759 1065 2496 4031 77
503 8634.044217514771 6739.459966463301 1641
504 827.9846131128587 6303.903563481157 2354 3519 1458 1569 4636
505 2264.902970439301 9965.348844812717 2692
506 7573.236028363277 2027.16175643905 2671 3059 1765 1161 4424
507 3174.706949650592 8029.314603564046 573
508 1015.9467728750826 7260.3298506773435 2901 1232 4933 1151 3251
509 8143.303160994225 4624.596203937179 3775
510 3878.6256029142173 8122.245745267226 836 4384 1089 3447 16
511 5855.430561533307 266.11464011735865 493
512 5732.352570612303 9353.042413106336 2089 4804 1438 3101 2171
513 9935.774347705668 9600.601379903495 3044
514 4434.822778602683 3587.225526671325 4267 2641 2175 370 3020
515 4643.886664692624 3322.199726607544 3113
516 2019.0182717188077 1237.4465741730678 20 2159 2396 2576 4490
517 6710.422686854435 1022.3459845758287 4800
518 8181.045607801521 1137.0983732773743 2700 680 334 1976 1526
519 7433.205134839547 6246.890975608083 1499
520 8131.566307824115 523.6118467011541 4271 1608 3386 4223 3755
521 8868.147950854505 9476.700543861525 1543
522 4105.250156478767 9748.08224389711 1265 1098 3228 2335 930
523 1573.2795752664897 1714.4298403149794 1978
524 4059.2920083011077 128.07694296862016 4141 3687 2623 1347 1569
525 7383.133980870057 5205.002168934443 4627
526 6100.0438835370005 832.1825654299564 4609 3759 1831 2576 2443
527 5323.236589829858 1551.499396144822 4302
528 7570.249697286473 8063.842832523687 2599 1626 754 4902 4058
529 9829.897582873373 9539.522771601954 4130
530 8655.858661929846 6266.162915760403 592 4236 1745 169 4017
531 8976.380063265506 9730.446165908159 4698
532 6615.078704013833 7489.526673464031 4113 2368 4549 1835 60
533 3794.07036030705 9038.356762789179 4445
534 4092.6848354365166 2386.143048843875 2910 2257 3582 4292 2453
535 3141.479731198371 8979.064858172738 842
536 1619.2009696761156 9755.63543977923 766 1113 1222 3919 3017
537 6991.055426002527 1990.2679097391185 1248
538 5779.0678124085225 2630.9938625468753 2676 2955 2789 2053 2520
539 4995.6563014394915 1437.2929922163335 15
540 6133.116176496235 7246.3699623669045 4169 468 2081 2917 3849
541 5549.284119040919 6331.889307286674 3882
542 7073.960526664063 8064.978837652527 1642 3164 3798 530 4366
543 8861.2566929636 5261.791455637302 1128
544 68.99137644749919 3553.688611484863 1940 3039 4012 4687 4160
545 1585.8248040865808 541.5543966468061 4638
546 8745.30082975566 6884.503211621976 4684 547 2239 338 78
547 6088.163037879446 9808.118197435604 118
548 7042.553160907545 7265.412269699986 2889 2961 3017 4347 4564
549 8146.303452228803 4442.726977399759 4691
550 4215.86056754509 2612.3440214060165 2727 781 3285 4086 1402
551 4660.877737540086 5774.379489480347 4815
552 2604.5235707671154 436.7459495514492 3933 4518 4969 2151 4232
553 9016.595035084569 5846.260810182617 4571
554 1588.5598556034975 9497.016898871496 402 3230 1454 2057 4615
555 1192.2876292392282 7851.749555238279 1942
556 5101.64566980138 1324.01688688196 3919 3641 163 4976 3862
557 958.5784398146668 6014.927094451837 676
558 3498.0558412331875 593.5267126415744 1995 75 259 4312 1318
559 6692.911120245742 7851.380622214188 3637
560 523.8663494241747 408.9360290791322 1609 4997 217 4580 4705
561 5187.2850255078665 8115.876758236715 4731
562 5417.068278706126 1331.9019423700317 107 4798 1902 2433 4776
563 1965.5924187336605 196.7738938241559 4373
564 4737.334073506257 2712.520542360024 2169 256 3534 2122 931
565 2443.374032349389 152.4572067222063 53
566 9749.755592342042 1174.9761658998382 2667 4525 4469 3097 1062
567 7626.629051926288 9736.170392991666 2433
568 2240.587605218767 1932.2153755578454 3085 3489 319 4713 1185
569 3409.7598702686373 9581.893369568194 2106
570 9270.798488667479 5215.277880501205 4731 1668 4136 4520 4613
571 7589.978190302296 5586.921849370986 137
572 8450.135179286352 4553.669547013986 4469 1850 226 915 1669
573 2861.8913060010896 6675.509210402878 2652
574 8360.720714243875 4407.48047135183 4551 3688 3826 4900 2392
575 1089.9938361077177 3088.52459782034 4700
576 9159.101119416246 4084.1234349498945 159 3566 2454 1891 3670
577 9564.686327221736 8205.665272281543 1947
578 5916.736826466246 3141.9961192641676 1553 1221 3266 307 27
579 2681.9534283677617 4911.466382128513 1370
580 5023.163005608042 4959.471124991801 2577 595 4097 481 964
581 7044.148929065221 9464.826793047823 2093
582 2876.4678130894727 6590.993567119305 4036 2731 3917 1716 4918
583 9759.220093571868 6949.299050258457 554
584 248.02585376394904 3925.543590033116 3181 4817 2723 2278 2880
585 9903.092256035521 2823.1832250941625 1743
586 8639.749639212168 4964.375423913193 4419 4703 1763 2160 244
587 2475.688714958039 6991.596111934634 1309
588 6859.899284284677 3836.5721034165244 189 3452 3002 3324 4211
589 1367.7195104340112 9138.595556091825 4492
590 9504.02354332375 9724.936874724948 388 393 805 2411 2843
591 5073.531414697204 7545.395185131973 1965
592 9013.816835628291 3462.210371530308 2907 1502 3743 1431 466
593 8705.279244659358 4906.502529639364 2120
594 5062.290529221571 8606.097681514331 862 1639 3123 1659 4367
595 5981.202584775317 588.501826774458 3955
596 9091.760472115127 6820.883255621501 1802 2093 1652 4982 4040
597 6202.576510786246 9533.24816653896 1699
598 5747.243347976949 9285.18391006759 2149 113 2626 1837 575
599 7615.6587460718265 7962.145896025286 2446
600 1006.6445652761591 1670.0424564263417 1087 728 4207 2544 3910
601 7607.837393950284 1884.2564706895405 3226
602 7000.789983616364 2383.063184653581 1393 815 3232 3312 4615
603 3417.8907399280256 1760.4587618927546 3898
604 8793.185404532567 9396.191104826283 2479 2106 3923 450 509
605 4921.003647996419 3313.5659276131237 4993
606 2532.9658383530063 4559.4253491470345 2827 4898 4547 954 4691
607 298.2846138404027 7173.847711600985 886
608 2284.4051938505595 1284.3528385028135 725 2062 4177 4449 262
609 8579.80006355151 920.5767933002862 1897
610 5566.229271303759 1959.7069659453837 625 2262 3021 2877 3996
611 1762.5269240296482 8719.780024287105 3223
612 472.0822465353891 2187.0212529525024 249 1835 2199 4864 4919
613 1692.4492211976806 5509.911599370297 2835
614 8337.175841719616 3962.5764730011247 3934 296 1897 1883 3422
615 8111.763012390424 3266.7945870829794 555
616 4757.8961097098545 5778.791645564654 3426 1783 2424 3092 523
617 6361.880153517008 2767.045114570588 1533
618 5079.247264364023 6165.848253630051 3750 305 575 1100 908
619 8859.910955582067 4817.996425973718 1895
620 1971.236976630899 7717.35661485105 3788 4739 1242 4994 2256
621 9246.587211841143 6912.845779027307 1189
622 3974.053169994344 6575.238874287242 4198 4328 1219 356 1370
623 4141.033171425448 4352.8981231486705 3527
624 1968.8184167283007 4760.99558579021 4648 2191 986 926 4573
625 7817.002927078065 8443.159916390649 4705
626 3793.176980584888 3177.265759958159 2656 3205 2729 2805 4772
627 3994.5554439281204 7564.115402188928 4735
628 2584.197266251358 1191.1694749050505 4458 4863 11 927 2445
629 1572.5084331182736 7839.183828359921 1791
630 2000.181440693013 7046.2713997604005 3029 2903 2675 1597 2171
631 4691.574872093748 3031.7851392049365 1900
632 5668.024080563176 456.067771898101 1366 1840 2253 3663 204
633 4991.290633544117 155.2803551367743 3063
634 1438.111651932923 2938.7794392721544 1965 3393 1045 4681 946
635 1908.5840993408242 4305.744915915129 734
636 3957.672248241205 1391.8439847071218 2198 1779 956 320 1861
637 5920.122412739061 9368.332568029618 4938
638 2295.956924195921 3207.227885699839 1116 3471 841 3234 1529
639 6415.348486152018 5228.453757515031 3799
640 2825.9636478644447 6317.582996670446 1574 2272 1677 940 4233
641 7078.453218541714 8758.205955859103 4981
642 6060.188523448634 6906.4598257879115 782 4022 3683 4788 1594
643 8614.761646632944 6860.589006028169 2186
644 1601.6779086897736 1665.0503860180431 4714 585 3667 2705 1817
645 2503.481319743467 2750.786752938117 145
646 1525.1173089747006 659.5273205870478 237 4447 3854 4258 3282
647 8029.671224029581 7478.0036905253 4681
648 6777.6344138533395 7036.89905165753 939 3989 3920 3241 2963
649 9496.869037428422 7067.470723941851 2695
650 8001.556727787168 7881.628106040347 4985 3366 4384 3517 3636
651 497.6362074471241 7715.501262018396 3571
652 1761.6390388549896 2662.6505477265196 3799 2533 3085 4208 4639
653 10.503485851018901 1652.682267414941 4924
654 8574.068698398605 6738.082420347763 2784 1752 4416 2728 1683
655 4512.482222861001 2070.257183222465 4314
656 1699.7076020172176 8860.453597806549 1648 243 1563 4824 4979
657 5479.471307861894 650.6020012962422 4099
658 7941.209858047819 5787.656042613812 4554 1851 4065 1558 2733
659 5796.462003031272 4148.405787905079 1956
660 9896.80314576695 5025.795006067651 4315 3893 3027 241 3206
661 5130.552862179379 3273.100804326082 1821
662 5787.679959710571 7582.010318794925 3890 1542 1816 3273 4652
663 2546.061397450504 3418.1777015352955 4022
664 8661.034597117667 670.6705328841344 3893 3759 81 2921 3663
665 4358.113660195485 3223.1215130908677 683
666 6304.403248319866 86.86933902416483 2337 1991 3099 1400 2230
667 5526.608445648187 7356.70327404399 745
668 5823.187590238635 750.8091301671993 3034 1994 232 2277 3015
669 3550.916245499328 885.4364240604673 2999
670 2749.238571388266 6039.843666411225 192 1080 4487 4744 988
671 5294.858490919604 3443.6411857422877 386
672 3368.549432278105 6115.5970822171075 3016 2677 2114 1674 2623
673 7465.860116396221 4967.302008152067 2549
674 8125.716819070644 8959.981774893457 4841 4640 3047 2585 3924
675 3697.8060259067393 5089.503227157835 2581
676 1416.1213620340995 3486.817205461228 431 823 4553 4238 926
677 2397.0719107836735 1532.086894324265 4135
678 4619.548193173344 3734.4320880227765 2327 1956 3840 2160 161
679 1087.322947511139 9971.24468332293 1877
680 1148.8638920134265 4702.113133743114 4606 3066 4868 2187 1839
681 277.2252441529022 2195.61693157482 3590
682 6147.55573983809 7441.944564763619 1620 4355 1456 3872 3536
683 5667.215102721096 5963.311802942045 4872
684 2809.4865844116634 9652.728382434489 2363 1814 2528 35 1667
685 3014.8237353564346 4801.74961514354 2511
686 6374.675679659996 2773.7895645912727 2169 1121 3618 4167 3934
687 5854.243635633672 8831.415386050556 4488
688 8206.3548226915 5415.6961096677705 1904 3514 1700 3065 3189
689 3017.5118809095825 2770.271449991553 3871
690 7920.883574270955 5763.209253913228 4409 3462 4996 1248 4147
691 4774.191179100414 6021.044196835403 3067
692 4184.726397685842 5602.518231865124 3431 2336 1871 2499 2638
693 8443.362434747934 4850.611045734578 4190
694 2914.3049937569567 5207.737107321776 4189 929 4927 4655 3673
695 1505.8233438548152 5202.733984356376 1235
696 56.980545748857026 5979.875659689275 963 3965 3895 4984 2639
697 217.72048819485357 4763.70113995224 1268
698 7328.820098785261 3786.630578541009 3853 2973 2513 3893 1434
699 4520.050031716304 3080.325208857264 643
700 582.8948949777247 4730.367734705322 4845 1067 4689 4390 441
701 6350.36320425567 4655.36116765585 1226
702 6199.9792830974175 5961.218496470408 1824 2596 4961 1886 4012
703 3188.2083414847275 510.5920870294034 3519
704 9897.496724094392 8721.9732335071 2553 3334 739 2540 3291
705 3765.9924330893436 456.8866591079879 3290
706 3629.941679907487 2940.0720303953476 2703 1296 2812 692 2593
707 2173.6291095499396 1518.9728175648843 40
708 2200.716136504729 8459.780935456498 33 966 3653 3746 1289
709 7656.212968298722 3817.957115237768 3410
710 1577.994299105282 5227.054189159347 152 2624 4856 1436 890
711 416.45662167595464 4822.553960687484 103
712 4612.4149685085495 5349.658362321496 2980 1824 716 4780 1724
713 5214.304926725469 6640.594187906859 4088
714 1393.5882811353329 3063.4728368162846 3994 2797 160 1976 275
715 9346.128259017018 7226.437267682234 692
716 9540.429831433583 7902.116174335398 505 3617 218 3127 288
717 4393.62969743244 2158.1847325136937 2503
718 6383.007993906565 9624.967938970174 289 2851 4346 1935 273
719 9913.092376515033 6144.104778741673 2234
720 2346.3268804903537 5869.745446724539 4805 3874 3765 1942 30
721 6689.53727342482 4262.565438686998 1490
722 2719.9540182956607 3938.258801395158 2203 791 383 1939 2226
723 2493.329183766545 6383.755241370255 4680
724 2035.546817218309 5167.933017679279 2299 304 423 60 1620
725 6066.862283483616 2812.686467543917 3363
726 8679.563086582153 415.324331953012 1047 4726 3373 806 2500
727 5853.2387443215775 6036.760217022603 2905
728 4518.0385466114485 3069.1903436165703 474 3511 1204 3588 1552
729 7384.587684241946 7082.059658125237 66
730 828.1882364492121 7723.204251690723 397 3185 134 3192 703
731 8400.662725121596 3546.606929195787 638
732 8213.450139303035 7030.196816257913 1938 3454 506 3432 2256
733 3053.8073753956983 6117.77312925446 834
734 9287.346132860528 12.67571036736359 2630 1750 3661 215 3157
735 7677.047235590365 7137.24489360429 1239
736 1443.395688502338 5699.114411955161 4161 1408 3010 2357 1114
737 1511.7043082185044 9983.90814576169 1602
738 2066.2907501158024 6959.554268492394 4323 2847 2521 800 3691
739 6430.993010490004 7674.025310801099 1222
740 3784.9100072922315 7333.4027841686675 4271 878 1577 3241 4283
741 2550.298474115323 6740.410554003928 3093
742 3292.0495055955944 7450.873749093148 1364 2770 3929 1901 4928
743 5022.358448069501 742.1528881042539 4921
744 9231.581566054783 2945.772635759534 4354 4929 4820 3144 2436
745 4593.3842433196305 5474.713974343965 972
746 5645.409920258217 2923.5465659946303 3795 3895 218 191 3359
747 8636.444041852947 9340.53890951449 3933
748 3003.5064982302097 8553.486222393334 3718 2995 4393 2254 3684
749 9580.792574474028 98.89192972995731 3818
750 1241.4088828428537 1391.1722095921618 4248 521 4825 3727 936
751 1624.5699497753897 3329.7662473787236 3717
752 3191.3288208086256 9474.329820115992 4964 3453 1276 1105 2659
753 3563.329898218095 2570.282298974329 4092
754 8382.052671302326 2718.8584759754476 1546 3935 135 4257 1044
755 339.9585180764464 36.041507722102125 3809
756 5718.289303434249 6059.866583908776 659 88 2391 2660 1819
757 7975.27241075057 1557.247669491434 571
758 2279.242831678839 1335.9067267223445 4602 3926 1438 3912 411
759 6365.071439879897 894.0500871762214 1174
760 1598.3743595014143 7308.419395166965 3911 347 271 3610 3728
761 1795.3348414661773 3507.6330867090164 1794
762 3837.771453343365 8756.211680223118 3930 896 4717 1381 485
763 1634.548238107757 7693.6133269026695 2978
764 648.1047475148849 5251.477015718964 4680 1840 695 2473 4778
765 7639.790373583121 8585.196195414064 709
766 3598.8739149015883 195.6048374410202 555 143 4145 1450 2295
767 487.35454457128236 775.8399756836986 1119
768 1278.6596977463826 3785.4546666580322 3676 4223 2200 3061 1176
769 6611.420795689392 1839.701029974703 2204
770 7915.48233834521 9394.464661677066 2666 3781 2800 3023 2971
771 3563.091826823608 6690.31998678901 531
772 3610.444403174489 9543.970852046492 1462 3353 375 1138 3554
773 9304.317489422787 5536.257190405355 1255
774 4228.002394317669 2467.1536800481053 2011 3611 1596 2478 748
775 9466.585295947763 6285.713918119755 858
776 9372.072565453673 8476.932748857915 4802 1135 681 503 1524
777 4395.281792358244 6823.561481052789 1566
778 3177.2979269151933 883.7112504270017 1359 998 313 3929 1030
779 4148.343096333266 9812.874623731517 4986
780 2238.397736704468 633.5585385642462 1841 268 136 890 1118
781 4101.551644755364 8694.958944777392 1969
782 5570.591455255376 1930.131356957555 3659 388 3079 3419 290
783 8455.673957701047 6191.982099480996 3422
784 912.0779978346383 9072.139658048594 237 3117 4724 423 483
785 9995.563063555992 8774.947329726614 4225
786 4705.524317430219 2788.4163274652774 2584 2482 1846 253 3223
787 4908.5782838213245 2606.5661977925924 4198
788 5016.651613931361 6865.867425517237 2633 4156 4484 2025 3563
789 3724.9760223638064 7993.115664317971 1081
790 2662.2974446459634 4295.608878274313 2274 1424 859 4068 266
791 8663.98248335864 8095.461663333123 1943
792 7470.8837849946585 9509.477462119869 3937 4017 2280 20 329
793 6275.9349121618025 559.2698016941566 4259
794 9064.518783111653 8645.924676903125 3604 4145 1651 586 4224
795 7106.375339471642 2834.891138226715 176
796 9179.416468180809 597.6890056651607 3119 4341 3973 1197 3396
797 1568.9570803678575 2492.112887293877 1429
798 5877.660443166007 5058.6163349344115 562 2179 40 4104 3203
799 6923.745194675195 5092.930934198444 3129
800 945.7364865359497 6477.759165519713 4588 4862 123 3826 2914
801 4861.360024860147 1786.6608344167855 1420
802 8320.526861566244 7830.81210797438 570 1642 3338 3740 4710
803 8826.65063389463 8764.790304657094 2886
804 7476.04168770612 9983.938423444992 3596 1025 3813 2695 2573
805 8978.824264865347 9826.636134154647 1602
806 214.3682993526641 7237.532469576157 2809 2378 4041 1818 1370
807 9668.817148013612 3333.9453442976196 3485
808 1646.8079453228436 9246.33225739118 2968 3913 3571 965 3130
809 3682.910445058004 192.67908011634916 4924
810 8041.681067837988 3040.7630352309334 2282 3442 2820 1410 1767
811 148.8379752308655 5695.952168148147 3861
812 7667.026165000431 2464.1830949488553 4977 4796 4530 1888 4645
813 3561.0188721321733 1628.6201631866404 1221
814 8964.148459840155 5314.6452757714715 3338 3506 1313 1060 3796
815 3475.0365715040157 2917.8965394851684 2939
816 2258.6495624899503 4901.259329582604 1778 4910 1822 4757 4116
817 4845.91373127538 8396.038017470677 1480
818 8285.68993894524 6599.184497020694 1441 4243 3995 1160 4076
819 4862.694895503041 6490.634252872281 1952
820 6724.734042384539 8554.59898489415 874 3233 3613 1811 1250
821 3156.938574161773 3484.541216875312 3551
822 3477.1299838950963 9661.590987374642 4628 3251 4573 1363 2656
823 5576.197116249186 2363.9627214659263 4546
824 6778.227188147864 7860.2032845755 3881 1810 908 2362 2833
825 3064.875381215183 8290.57793645137 4712
826 914.1262649027659 1347.6410769077374 2442 3602 3243 1136 4217
827 4352.331185691804 6566.937857457346 1790
828 8732.565540858635 5033.395870091282 3945 345 556 3938 4342
829 8684.754577059768 703.4591765659792 1895
830 896.4512554467175 4575.7647935739205 4871 4662 4347 1999 4021
831 7806.647177439972 3884.8910218115416 1832
832 7463.62444714641 5041.821473337343 2032 3287 1516 2006 1537
833 7949.236316380149 4914.014845849236 2207
834 2537.41832908836 4587.908443820527 2159 571 3866 2050 1330
835 2215.543267010607 2528.4992930305607 2436
836 8087.695536500796 1853.124842139756 3276 3030 2998 219 468
837 7597.279106023546 768.4508123842248 4747
838 3601.0313662158565 8114.9353364340695 40 891 4059 2077 1094
839 7163.823516942056 634.5443366981262 1912
840 4397.5666501963715 6226.808126378421 1427 3172 652 3239 3593
841 2865.231662595892 6318.644779890063 36
842 4130.333329821857 5523.144294201192 1559 1210 2923 680 2079
843 915.9229011591618 3775.7945415347226 729
844 7740.251521600445 3461.6781456315025 187 1131 1210 1015 4800
845 5770.022613512874 5527.981276534052 2858
846 3281.57014379414 1861.9366218629464 1932 2914 3147 3445 3184
847 1046.370750829897 117.4319858443995 2888
848 2485.1110368764516 6067.931312550493 4961 2939 803 1166 1035
849 7917.765212672525 5641.099708893009 3953
850 523.1552096690606 6288.247246729441 2380 2857 362 4561 2434
851 5307.243588550935 678.2868004214049 4100
852 9663.80162251955 5368.053458796268 1625 1774 3260 2553 3809
853 5030.783554930591 6850.323370943315 3011
854 8015.976483914125 9671.771355008 2585 771 4291 4736 2905
855 2779.3975078535527 8998.658534089838 2745
856 4061.829097295435 645.3792267481629 2357 1427 3138 1194 1386
857 4973.418613826463 6176.191952496201 4956
858 9422.915818161346 9645.392387351496 1070 2276 3098 376 377
859 4468.889901904434 2675.481439615973 1461
860 4287.597977859899 9944.84654846193 900 2175 952 4804 417
861 6853.647054873621 1618.321868134015 4154
862 4455.556409786828 8427.363992336574 1856 2720 4715 2747 4448
863 2909.842266128467 2118.116029782644 2573
864 9211.639438983313 8166.40140342019 4343 1109 2840 3209 278
865 1885.0962730752763 3107.95643734735 1604
866 7034.901786417429 6049.151008227564 993 4778 4779 2545 4245
867 7841.524221818441 6257.106530065911 1933
868 6729.55646183697 4405.247661940869 403 4055 3000 3305 187
869 9912.113643830424 1391.3509303807969 53
870 7615.349723353495 1195.172578399445 4894 4320 1277 1899 1565
871 6675.635806630914 7204.572293731248 4186
872 5485.549892091658 7561.4008788177525 4475 2686 2465 4125 1767
873 4330.446623659472 9093.888551195141 4709
874 4032.1361635791955 1381.5860017438697 126 2182 4239 4992 4336
875 3375.013198620459 6120.692545455842 4899
876 2046.0633641224413 3771.0369367361486 4110 943 38 8 2676
877 7688.836317191395 4296.053757345876 4019
878 1956.1359045300208 6660.009732438713 4490 4026 1162 1273 224
879 7.7553262562002345 7512.470001611725 1660
880 1642.239325401853 5893.248340236181 1179 2126 1992 2498 1334
881 2654.7066896006822 1086.5318889211617 4713
882 900.5084306198207 885.975863370343 3228 659 2077 2988 1248
883 219.921612713313 1699.2363287029243 3259
884 8242.914139444385 653.3532997647106 1508 213 4595 534 4769
885 1515.7104546326173 5868.329927235156 192
886 6738.140448116619 5574.198798453504 2699 1609 3574 2290 1434
887 6771.417085083042 8592.234622399057 3058
888 6435.5699979936635 5481.991004694261 3890 2396 2807 933 3272
889 4795.579442314564 5904.981697490061 2013
890 7865.363975730613 1784.8314985871905 4392 2905 3020 676 2469
891 2650.128259390414 710.0473689985076 1443
892 7809.294756655718 4360.606604127649 1405 4270 1377 4639 3775
893 5820.041873389253 7950.255180715832 1223
894 9660.19708612345 616.679044359476 412 4237 1426 1563 827
895 4227.235961590174 5193.7773844016165 486
896 3518.082911488649 4053.2544164801266 2781 2464 1205 3510 1467
897 742.6426730996504 9073.731622420333 1796
898 3381.440729328975 9877.222751639147 3569 3573 4381 3028 1683
899 6257.300627860415 4071.2300817284063 3627
900 7416.493395373573 9868.824776559588 2076 342 4759 326 3189
901 6088.716209065773 7059.8989990030195 2249
902 9165.271762428823 4871.006549583438 3580 1902 1013 2657 2466
903 2316.1720487707103 521.5159498517374 1381
904 9510.272171319994 8888.335649075554 744 3962 2244 1392 520
905 1447.902011558244 1293.832523513465 2750
906 7587.359033242848 7627.661516846844 2831 1885 2098 2100 4256
907 2121.7483569797023 3278.722215249967 2044
908 4151.641985832279 8148.148897998236 4876 515 820 3647 3288
909 794.4539654545124 3918.6224839086135 3855
910 2059.2470875303047 6564.243573682019 2944 1247 4038 260 970
911 1882.2765952648213 8026.401022600711 3985
912 1047.513958041113 5916.746627203577 2051 470 2162 1633 2938
913 1571.7262518219889 2592.0630027886837 611
914 8105.244050483021 6118.407266579417 3200 4055 580 4954 2807
915 8968.995164927263 9889.303939931999 126
916 6132.6670311723165 9898.202081117774 1076 1082 4443 4735 3329
917 3619.535145132776 4149.7470694761605 4703
918 674.7477048345818 4188.963518068772 3749 4651 3000 3586 3020
919 6496.643527392343 8721.804809347219 2263
920 267.4986136459434 4093.780448260196 2901 356 1892 3598 121
921 2174.3944639060596 3291.8868084748897 4749
922 3149.150095000649 2624.9684003303487 729 2481 2003 2717 3484
923 7277.394288539008 2731.811167075666 4896
924 6404.345208626393 157.15612965566783 338 3772 3560 2673 2985
925 5460.88331566142 9090.31613561799 226
926 4315.3201621769185 6271.499331429781 3182 1078 2492 610 2936
927 9142.351094975633 6958.783233377076 1149
928 3072.068041943 8690.733386402131 460 946 2246 3489 1860
929 3133.3016274128777 5820.99148014741 2832
930 1591.8253716083398 8218.039212264675 3235 373 2965 3703 1023
931 4110.587233687222 3353.952067039401 2014
932 4250.858769725443 1102.0296291299946 2191 2066 2037 4945 3756
933 9043.363704396494 9486.401356483371 4788
934 4799.706375877725 2673.1488500675105 4437 3719 1386 3124 4794
935 9804.137017237937 9095.63995308302 1312
936 9507.145621818776 9676.498241243651 4634 2610 1149 6 621
937 6094.132055794183 7933.21418434556 2995
938 4310.0601530924505 6633.663269903963 3968 1618 2683 1330 1764
939 1465.1538690593125 8652.871053531508 573
940 9542.62988887257 7550.032407214991 2664 4193 3357 2626 3152
941 559.8354402848504 5656.903525525443 3989
942 140.76885278532015 9679.06188315518 4548 3087 327 3899 2605
943 2524.814870508231 1220.9168899406175 2623
944 2927.9408824755546 5317.7264287915505 127 3938 3368 2461 1689
945 9174.285756560581 1871.263424723615 1234
946 1772.7605794189894 4754.553477586133 3929 950 3283 3936 1084
947 8428.02276660737 5178.924210997567 4439
948 1096.0669157784098 1610.9894615953147 4924 4274 2000 1613 3005
949 3469.528148356158 409.58214162384763 1293
950 774.1148624654514 8443.264170413504 2124 1191 1703 4584 1411
951 4759.744655780887 7885.043050240057 1713
952 5659.488388168049 7390.348156024249 1016 4249 1124 1050 2929
953 3211.186248135015 6862.808416458009 1202
954 3474.878614912208 7386.234669942919 1797 2733 2429 3549 2983
955 1951.5928079659973 1861.7600278255698 2369
956 7230.789955262875 6048.2794800504635 2435 1719 4759 2890 504
957 1326.9667964064324 6651.624034386602 774
958 6117.491751072973 886.366195463798 1337 4484 554 2801 1041
959 5661.771709379485 333.83305878077476 1731
960 9501.087291587904 3784.360798547932 430 3685 1390 2002 1241
961 3131.020259872106 54.607183017181256 4289
962 2401.1777301227567 6239.242775169827 129 1625 2566 3540 1159
963 968.6999583087519 4363.911206136051 4590
964 1775.5778918477627 1716.7576610139445 2370 1300 1648 1052 3086
965 8730.283703350213 2593.3758999821775 3143
966 7033.785327901023 6780.155787324561 848 2075 2954 3972 3868
967 2774.964602899214 3573.5097958286324 1485
968 9197.443869808902 1712.1264173892714 1116 3198 1171 1789 480
969 1937.764656308071 5052.888476261841 848
970 9246.613238932747 329.25091902852535 4130 373 231 4158 3744
971 4338.730323332285 4697.088914061113 4520
972 3356.5149214226963 1152.521233190561 441 1582 2235 3114 2204
973 861.5852389441047 434.2516521662965 4524
974 5335.830452674553 2640.758665388716 1789 1881 2642 170 2833
975 1722.0054811261664 9630.21728478116 163
976 8464.375932132416 518.0560392920542 3105 31 2602 236 1904
977 9296.185745913219 6431.465904662068 2529
978 6289.641587244587 6949.825081458256 3087 2439 489 3600 911
979 384.44795147100865 7613.6854283001085 3380
980 4181.034219672159 8212.04888893016 4627 4324 3950 608 2183
981 5235.368150454457 9439.872106758963 3293
982 4349.902419459466 2196.5620324198167 3128 3838 1135 2944 896
983 9391.044863461919 7092.940324483165 4116
984 5761.5733904428635 8481.751188150043 2180 4215 1275 597 4705
985 5883.982624430777 1661.3130012910171 218
986 2074.081613827745 7733.190967670231 4348 3083 1016 3962 203
987 5382.892544783752 6244.927274312786 2788
988 7685.905689265217 2914.7184639066113 4939 3673 1708 4449 2275
989 3309.829679990339 1025.3396880927478 621
990 5169.916353899554 3273.143631632821 424 1778 2357 2197 1287
991 652.5269054426885 7025.990209276093 1823
992 5491.415223843143 2172.9055315800993 3483 2177 4467 4958 599
993 1495.111579209838 2154.6304581237964 1602
994 2661.0577207595397 801.349898683531 1621 470 513 2746 1421
995 9126.169966537478 39.42514550960286 2493
996 3002.221970801994 1442.3114554878923 598 2503 2658 4326 9
997 1358.089667677085 9204.989308988965 1605
998 470.0304180861681 8190.893440299014 4024 2730 1205 1332 431
999 2199.8822375464033 7105.479817341146 1026
1000 7000.820812700637 1805.7209479450376 2472 3470 4435 4315 3775
